Vr [V]	I [pA]
-0.02	49.7
-0.04	48.9
-0.06	48.0
-0.08	47.2
-0.09	46.0
-0.11	45.6
-0.12	44.6
-0.14	43.6
-0.17	42.6
-0.20	41.1
-0.23	39.2
-0.26	38.5
-0.27	36.8
-0.30	36.4
-0.31	35.2
-0.34	34.6
-0.38	33.2
-0.40	32.1
-0.43	30.9
-0.45	30.0
-0.48	28.5
-0.49	27.7
-0.53	26.6
-0.54	25.6
-0.58	24.6
-0.60	23.6
-0.63	22.6
-0.65	21.7
-0.68	20.7
-0.70	19.9
-0.72	18.8
-0.74	18.5
-0.77	17.3
-0.79	16.4
-0.79	15.8
-0.83	15.3
-0.83	14.6
-0.85	14.2
-0.87	13.5
-0.89	12.9
-0.91	12.1
-0.94	11.5
-0.96	10.7
-0.98	10.3
-1.00	9.6
-1.03	9.2
-1.05	8.2
-1.08	7.8
-1.10	7.2
-1.12	6.7
-1.14	6.0
-1.17	5.6
-1.19	5.0
-1.22	4.7
-1.25	4.1
-1.27	3.9
-1.29	3.4
-1.32	3.1
-1.34	2.8
-1.36	2.5
-1.38	2.2
-1.40	2.0
-1.42	1.7
-1.44	1.4
-1.47	1.2
-1.49	0.9
-1.52	0.6
-1.53	0.5
-1.57	0.3
-1.58	0.1
-1.61	0.1
-1.63	-0.2
-1.65	-0.3
-1.68	-0.5
-1.70	-0.5
-1.73	-0.6
-1.76	-0.6
-1.79	-0.9
-1.82	-0.7
-1.85	-0.8
-1.87	-0.7
-1.90	-0.8
-1.92	-0.7
-1.94	-0.8
-1.96	-0.8
-1.98	-0.9
-1.99	-0.8
-2.01	-0.8
-2.03	-0.8
-2.05	-0.7
-2.08	-0.9
-2.10	-1.0
-2.13	-0.9
-2.16	-1.0
-2.19	-1.0
-2.23	-1.0
-2.25	-0.8
-2.29	-0.9
-2.31	-0.8
-2.34	-0.9
-2.36	-0.9
-2.38	-0.9
-2.39	-0.9
-2.41	-1.0
-2.44	-0.9
-2.46	-0.8
-2.49	-0.9
-2.52	-0.9
-2.55	-0.9
-2.57	-1.0
-2.59	-1.0
-2.62	-1.1
-2.64	-1.0
-2.68	-1.1
-2.71	-0.9
-2.74	-1.0
-2.77	-0.9
-2.79	-0.9
-2.81	-0.9
-2.84	-0.9
-2.86	-1.0
-2.89	-1.0
-2.92	-1.1
-2.94	-1.0
-2.99	-1.2
-3.01	-1.0
-3.06	-1.0
-3.08	-0.9
-3.11	-0.9
-3.14	-1.0
-3.17	-0.9
-3.18	-0.9
-3.21	-0.9
-3.23	-1.1
-3.26	-1.0
-3.30	-1.0
-3.32	-0.9
-3.36	-1.0
-3.38	-0.9
-3.40	-1.0
-3.43	-1.1
-3.46	-1.0
-3.49	-1.0
-3.51	-0.9
-3.54	-1.0
-3.56	-0.9
-3.58	-0.9
-3.61	-1.0
-3.63	-1.0
-3.66	-1.1
-3.69	-1.1
-3.73	-1.1
