Vr [V]	I [pA]
0.00	69.1
-0.02	68.3
-0.04	65.9
-0.05	66.2
-0.07	63.7
-0.10	62.0
-0.11	61.0
-0.13	59.8
-0.16	57.6
-0.17	56.9
-0.20	55.0
-0.21	55.2
-0.23	52.8
-0.25	51.3
-0.27	50.1
-0.29	49.5
-0.31	47.1
-0.33	44.8
-0.35	44.0
-0.38	41.6
-0.40	41.2
-0.43	39.6
-0.45	38.1
-0.47	37.3
-0.50	35.9
-0.52	34.9
-0.55	33.1
-0.58	32.2
-0.62	30.1
-0.63	31.0
-0.67	29.6
-0.69	28.2
-0.71	27.0
-0.74	25.6
-0.77	23.9
-0.80	22.4
-0.83	21.1
-0.86	20.1
-0.89	18.8
-0.91	17.5
-0.96	17.1
-0.99	15.6
-1.01	14.1
-1.06	12.8
-1.09	11.7
-1.12	10.4
-1.15	9.1
-1.18	8.3
-1.20	7.5
-1.23	6.8
-1.26	6.1
-1.28	5.5
-1.32	5.0
-1.35	4.4
-1.39	3.7
-1.41	3.0
-1.45	2.5
-1.47	1.8
-1.50	1.5
-1.53	0.9
-1.55	0.8
-1.58	0.4
-1.61	0.3
-1.64	0.1
-1.67	-0.1
-1.70	-0.2
-1.74	-0.4
-1.78	-0.4
-1.81	-0.6
-1.85	-0.7
-1.89	-0.8
-1.93	-0.8
-1.95	-0.8
-1.99	-0.9
-2.02	-1.0
-2.05	-1.0
-2.09	-1.0
-2.12	-1.0
-2.16	-1.1
-2.20	-1.1
-2.24	-1.0
-2.28	-1.0
-2.32	-1.0
-2.36	-1.0
-2.40	-1.0
-2.44	-1.0
-2.48	-0.8
-2.53	-0.9
-2.56	-1.0
-2.60	-1.1
-2.64	-1.1
-2.68	-1.2
-2.70	-1.1
-2.74	-1.1
-2.77	-1.1
-2.79	-1.0
-2.83	-1.0
-2.86	-0.9
-2.90	-1.0
-2.92	-1.0
-2.96	-1.1
-2.99	-1.0
-3.03	-1.2
-3.06	-1.0
-3.11	-1.1
-3.14	-1.0
-3.18	-1.0
-3.21	-1.0
-3.25	-1.0
-3.28	-1.0
-3.32	-0.9
-3.36	-1.0
-3.39	-0.9
-3.44	-1.0
-3.47	-1.0
-3.50	-1.0
-3.53	-1.2
-3.58	-1.2
-3.62	-1.2
-3.65	-1.0
-3.70	-1.1
-3.74	-0.9
-3.77	-1.0
-3.80	-0.9
-3.82	-1.0
-3.85	-1.0
-3.89	-1.0
-3.93	-0.9
-3.96	-1.0
-3.98	-1.0
-3.98	-0.8
