Vr [V]	I [pA]
0.00	94.0
0.00	93.9
-0.01	93.7
-0.04	90.6
-0.05	89.4
-0.07	88.0
-0.08	86.7
-0.10	84.4
-0.11	83.3
-0.12	81.3
-0.14	80.0
-0.16	78.7
-0.18	76.8
-0.18	76.1
-0.20	74.4
-0.22	72.3
-0.24	71.5
-0.26	70.0
-0.27	68.2
-0.29	66.1
-0.31	63.8
-0.33	62.8
-0.36	60.6
-0.36	59.8
-0.39	58.0
-0.40	56.7
-0.43	55.1
-0.44	54.6
-0.46	52.7
-0.48	50.3
-0.49	48.6
-0.52	48.5
-0.53	46.8
-0.55	46.2
-0.58	45.3
-0.60	43.2
-0.62	41.5
-0.65	39.3
-0.67	37.7
-0.69	36.2
-0.71	34.2
-0.72	33.3
-0.74	32.2
-0.76	31.1
-0.79	29.2
-0.79	28.7
-0.80	28.5
-0.82	27.5
-0.84	26.8
-0.86	25.6
-0.88	24.4
-0.90	23.6
-0.91	22.5
-0.93	21.5
-0.96	20.0
-0.98	19.5
-1.00	18.3
-1.02	17.5
-1.03	16.6
-1.05	15.5
-1.08	14.5
-1.10	13.5
-1.12	12.9
-1.14	11.9
-1.17	11.0
-1.18	10.4
-1.19	9.8
-1.21	9.0
-1.23	8.5
-1.25	8.0
-1.27	7.4
-1.29	6.9
-1.31	6.3
-1.33	5.8
-1.36	5.2
-1.38	4.5
-1.40	3.9
-1.42	3.4
-1.44	2.9
-1.47	2.4
-1.50	2.1
-1.52	1.8
-1.54	1.5
-1.56	1.3
-1.58	1.0
-1.60	0.8
-1.62	0.6
-1.64	0.4
-1.66	0.2
-1.69	-0.1
-1.72	-0.3
-1.75	-0.4
-1.78	-0.5
-1.80	-0.6
-1.83	-0.5
-1.85	-0.6
-1.88	-0.6
-1.90	-0.7
-1.93	-0.7
-1.96	-0.7
-1.99	-0.7
-2.00	-0.8
-2.02	-0.8
-2.05	-0.8
-2.08	-0.7
-2.11	-0.7
-2.14	-0.7
-2.16	-0.8
-2.19	-0.9
-2.22	-1.0
-2.24	-0.9
-2.27	-1.0
-2.29	-0.9
-2.32	-0.9
-2.34	-0.9
-2.37	-0.9
-2.39	-0.9
-2.41	-0.8
-2.45	-0.9
-2.48	-0.8
-2.50	-0.8
-2.53	-0.8
-2.57	-0.9
-2.59	-0.9
-2.62	-0.9
-2.64	-1.0
-2.67	-1.0
-2.69	-1.0
-2.72	-0.9
-2.75	-1.0
-2.77	-0.9
-2.79	-0.8
-2.81	-0.8
-2.84	-0.8
-2.86	-0.8
-2.89	-1.0
-2.91	-0.9
-2.93	-1.0
-2.96	-1.1
-2.98	-1.0
-3.01	-0.9
-3.03	-0.9
-3.06	-0.9
-3.08	-0.9
-3.11	-0.9
-3.13	-0.9
-3.16	-0.9
-3.18	-0.9
-3.21	-1.0
-3.23	-1.0
-3.25	-1.0
-3.28	-1.0
-3.31	-1.1
-3.33	-1.0
-3.37	-1.1
-3.40	-1.0
-3.43	-1.0
-3.46	-0.9
-3.49	-0.9
-3.51	-0.9
-3.54	-0.9
-3.56	-0.9
-3.58	-0.9
-3.60	-0.9
-3.62	-1.0
-3.64	-1.0
-3.66	-1.0
-3.68	-1.0
-3.72	-1.0
-3.74	-1.0
-3.77	-0.9
-3.80	-0.9
-3.83	-0.9
-3.86	-1.0
-3.88	-0.9
-3.90	-0.9
-3.94	-0.9
-3.96	-0.9
-3.98	-0.9
-3.98	-0.9
-3.98	-0.8
-3.98	-0.8
