Vr [V]	I [pA]
0.00	95.7
0.00	96.7
0.00	96.6
-0.01	95.9
-0.01	95.2
-0.02	94.7
-0.02	94.8
-0.03	94.2
-0.03	93.4
-0.04	93.0
-0.04	91.6
-0.06	91.3
-0.06	89.8
-0.06	89.1
-0.07	88.6
-0.07	88.1
-0.08	88.1
-0.08	87.5
-0.09	87.0
-0.09	86.7
-0.10	86.3
-0.10	85.7
-0.11	85.0
-0.12	84.3
-0.12	83.4
-0.13	83.0
-0.13	82.3
-0.14	81.8
-0.14	81.0
-0.15	80.1
-0.15	79.9
-0.16	79.2
-0.16	78.7
-0.17	78.0
-0.17	77.6
-0.18	77.0
-0.18	76.6
-0.18	76.1
-0.19	75.7
-0.19	75.4
-0.20	74.5
-0.20	74.2
-0.21	73.7
-0.21	73.1
-0.22	72.8
-0.22	71.1
-0.23	71.3
-0.23	70.9
-0.24	70.8
-0.24	70.2
-0.25	69.8
-0.25	69.1
-0.26	68.5
-0.26	67.8
-0.27	67.4
-0.28	66.7
-0.28	66.1
-0.29	65.2
-0.29	64.9
-0.29	64.1
-0.30	63.8
-0.30	63.3
-0.31	62.9
-0.31	62.2
-0.32	62.0
-0.32	61.5
-0.33	61.3
-0.33	60.6
-0.33	60.0
-0.34	59.8
-0.34	59.1
-0.35	58.7
-0.35	58.1
-0.36	57.7
-0.36	57.4
-0.37	56.9
-0.37	56.2
-0.38	56.0
-0.38	55.3
-0.39	55.0
-0.39	54.1
-0.39	54.0
-0.40	54.1
-0.41	53.6
-0.41	52.9
-0.41	52.7
-0.42	52.0
-0.43	51.4
-0.44	50.3
-0.45	47.2
-0.45	45.9
-0.45	46.3
-0.46	45.9
-0.46	45.7
-0.46	45.5
-0.47	45.1
-0.48	44.5
-0.48	43.9
-0.49	43.3
-0.49	43.6
-0.50	42.3
-0.50	41.6
-0.51	41.8
-0.52	40.6
-0.52	40.1
-0.53	39.7
-0.53	40.4
-0.54	40.5
-0.55	40.8
-0.55	40.2
-0.56	39.4
-0.57	39.1
-0.57	38.6
-0.58	38.0
-0.59	37.3
-0.59	36.7
-0.59	36.2
-0.60	35.9
-0.61	35.6
-0.61	34.9
-0.62	34.4
-0.62	32.9
-0.62	32.6
-0.63	31.8
-0.64	31.8
-0.64	31.0
-0.64	30.9
-0.65	30.4
-0.65	29.9
-0.66	29.8
-0.67	29.3
-0.67	28.7
-0.68	28.8
-0.69	28.9
-0.69	28.4
-0.70	27.6
-0.70	27.9
-0.70	27.4
-0.71	26.9
-0.72	25.6
-0.73	24.4
-0.73	24.4
-0.73	25.1
-0.74	24.9
-0.75	24.5
-0.75	23.9
-0.76	23.3
-0.77	22.5
-0.77	22.5
-0.78	22.3
-0.78	21.7
-0.79	21.2
-0.80	20.8
-0.81	20.1
-0.81	19.7
-0.82	19.3
-0.83	18.8
-0.84	18.2
-0.85	17.6
-0.86	17.0
-0.86	16.8
-0.87	16.5
-0.88	16.1
-0.88	15.4
-0.89	14.9
-0.90	14.5
-0.90	14.2
-0.91	13.8
-0.92	13.2
-0.93	12.8
-0.94	12.4
-0.95	12.0
-0.96	11.3
-0.96	11.0
-0.97	10.6
-0.99	10.0
-0.99	9.4
-1.00	9.2
-1.01	8.9
-1.02	8.4
-1.03	7.9
-1.03	7.8
-1.04	7.6
-1.05	7.0
-1.05	6.8
-1.06	6.5
-1.07	6.2
-1.08	5.9
-1.08	5.6
-1.09	5.5
-1.11	5.2
-1.11	5.0
-1.12	4.9
-1.13	4.7
-1.14	4.3
-1.14	4.2
-1.15	4.0
-1.16	3.8
-1.17	3.4
-1.17	3.4
-1.18	3.2
-1.19	3.1
-1.20	2.9
-1.20	2.6
-1.21	2.6
-1.22	2.4
-1.23	2.1
-1.24	1.9
-1.25	1.8
-1.26	1.6
-1.28	1.2
-1.28	1.2
-1.29	1.0
-1.30	1.0
-1.32	0.7
-1.33	0.6
-1.34	0.5
-1.35	0.4
-1.35	0.4
-1.37	0.3
-1.38	0.2
-1.39	0.0
-1.40	0.1
-1.40	0.0
-1.42	-0.1
-1.42	-0.2
-1.43	-0.1
-1.44	-0.2
-1.45	-0.3
-1.46	-0.3
-1.48	-0.3
-1.49	-0.4
-1.50	-0.4
-1.50	-0.4
-1.51	-0.4
-1.53	-0.4
-1.54	-0.5
-1.55	-0.6
-1.56	-0.5
-1.57	-0.5
-1.58	-0.6
-1.58	-0.5
-1.59	-0.5
-1.59	-0.5
-1.59	-0.5
-1.59	-0.4
-1.59	-0.5
-1.60	-0.5
-1.62	-0.7
-1.63	-0.6
-1.63	-0.6
-1.65	-0.6
-1.66	-0.6
-1.67	-0.5
-1.68	-0.6
-1.70	-0.6
-1.71	-0.7
-1.72	-0.6
-1.74	-0.7
-1.75	-0.6
-1.76	-0.7
-1.77	-0.6
-1.78	-0.6
-1.80	-0.8
-1.81	-0.7
-1.82	-0.7
-1.83	-0.7
-1.84	-0.7
-1.85	-0.6
-1.86	-0.7
-1.87	-0.6
-1.88	-0.7
-1.88	-0.6
-1.89	-0.7
-1.90	-0.6
-1.91	-0.7
-1.92	-0.6
-1.93	-0.7
-1.93	-0.6
-1.94	-0.7
-1.96	-0.7
-1.96	-0.7
-1.98	-0.7
-1.98	-0.7
-1.99	-0.7
-1.99	-0.6
-1.99	-0.6
-2.00	-0.9
-2.01	-0.6
-2.03	-0.7
-2.04	-0.5
-2.05	-1.0
-2.06	-0.7
-2.07	-0.7
-2.08	-0.7
-2.09	-0.7
-2.10	-0.7
-2.11	-0.6
-2.11	-0.7
-2.13	-0.6
-2.14	-0.7
-2.15	-0.7
-2.16	-0.7
-2.17	-0.8
-2.18	-0.7
-2.19	-0.7
-2.21	-0.7
-2.21	-0.7
-2.22	-0.8
-2.23	-0.6
-2.25	-0.8
-2.26	-0.7
-2.27	-0.7
-2.29	-0.8
-2.30	-0.7
-2.30	-0.7
-2.33	-0.8
-2.33	-0.7
-2.34	-0.7
-2.35	-0.7
-2.36	-0.7
-2.37	-0.7
-2.38	-0.7
-2.38	-0.7
-2.38	-0.6
-2.39	-0.7
-2.40	-0.7
-2.41	-0.7
-2.42	-0.7
-2.43	-0.7
-2.45	-0.8
-2.46	-0.7
-2.47	-0.8
-2.49	-0.8
-2.50	-0.7
-2.51	-0.7
-2.52	-0.7
-2.53	-0.8
-2.54	-0.7
-2.55	-0.7
-2.56	-0.7
-2.57	-0.8
-2.58	-0.7
-2.58	-0.7
-2.59	-0.7
-2.61	-0.8
-2.61	-0.7
-2.62	-0.7
-2.63	-0.7
-2.64	-0.7
-2.65	-0.7
-2.66	-0.8
-2.66	-0.7
-2.68	-0.8
-2.69	-0.7
-2.70	-0.7
-2.72	-0.8
-2.73	-0.7
-2.74	-0.7
-2.75	-0.7
-2.76	-0.7
-2.77	-0.7
-2.77	-0.7
-2.78	-0.7
-2.78	-0.6
-2.79	-0.7
-2.79	-0.7
-2.80	-0.8
-2.82	-0.7
-2.82	-0.7
-2.84	-0.8
-2.85	-0.7
-2.86	-0.7
-2.86	-0.7
-2.87	-0.7
-2.89	-0.8
-2.90	-0.7
-2.90	-0.7
-2.92	-0.8
-2.94	-0.8
-2.95	-0.7
-2.96	-0.7
-2.97	-0.7
-2.99	-0.8
-3.00	-0.7
-3.01	-0.7
-3.03	-0.9
-3.04	-0.7
-3.06	-0.8
-3.06	-0.7
-3.08	-0.8
-3.10	-0.7
-3.10	-0.7
-3.13	-0.8
-3.14	-0.7
-3.15	-0.7
-3.17	-0.9
-3.17	-0.7
-3.18	-0.7
-3.20	-0.7
-3.21	-0.8
-3.21	-0.7
-3.22	-0.7
-3.24	-0.8
-3.25	-0.8
-3.26	-0.7
-3.28	-0.9
-3.29	-0.7
-3.30	-0.7
-3.31	-0.8
-3.33	-0.8
-3.33	-0.7
-3.34	-0.7
-3.36	-0.8
-3.37	-0.7
-3.37	-0.7
-3.37	-0.7
-3.40	-0.8
-3.40	-0.7
-3.41	-0.7
-3.42	-0.7
-3.43	-0.8
-3.43	-0.7
-3.44	-0.7
-3.45	-0.7
-3.46	-0.7
-3.47	-0.8
-3.48	-0.7
-3.49	-0.7
-3.50	-0.8
-3.51	-0.8
-3.52	-0.7
-3.53	-0.8
-3.55	-0.8
-3.55	-0.7
-3.57	-0.8
-3.58	-0.7
-3.58	-0.7
-3.58	-0.7
-3.60	-0.7
-3.60	-0.7
-3.61	-0.7
-3.62	-0.7
-3.64	-0.8
-3.64	-0.8
-3.65	-0.7
-3.67	-0.9
-3.68	-0.8
-3.69	-0.7
-3.70	-0.8
-3.72	-0.8
-3.73	-0.7
-3.74	-0.8
-3.75	-0.8
-3.76	-0.7
-3.76	-0.7
-3.78	-0.8
-3.80	-0.8
-3.80	-0.8
-3.82	-0.8
-3.83	-0.7
-3.83	-0.7
-3.85	-0.9
-3.86	-0.8
-3.86	-0.7
-3.88	-0.8
-3.89	-0.7
-3.90	-0.8
-3.92	-0.9
-3.93	-0.7
-3.94	-0.8
-3.96	-0.8
-3.97	-0.8
-3.97	-0.8
-3.98	-0.7
-3.98	-0.6
-3.98	-0.7
-3.99	-0.8
-3.99	-0.6
