Vr [V]	I [pA]
0.00	50.4
0.00	50.5
0.00	50.2
-0.03	49.1
-0.05	47.8
-0.06	46.7
-0.08	47.0
-0.09	45.6
-0.10	44.8
-0.11	43.9
-0.13	43.2
-0.16	41.8
-0.17	41.0
-0.18	40.0
-0.21	39.4
-0.22	38.0
-0.24	36.7
-0.25	35.6
-0.27	35.0
-0.29	34.1
-0.30	33.6
-0.31	32.7
-0.32	31.6
-0.34	31.1
-0.36	30.3
-0.37	29.9
-0.38	29.1
-0.39	28.1
-0.41	27.8
-0.43	26.8
-0.44	25.5
-0.46	24.8
-0.48	23.9
-0.49	23.8
-0.52	23.5
-0.53	22.5
-0.56	21.0
-0.58	19.4
-0.60	18.6
-0.63	17.2
-0.65	16.4
-0.68	15.3
-0.69	14.8
-0.72	14.0
-0.73	13.2
-0.75	12.4
-0.77	11.5
-0.79	10.8
-0.82	10.0
-0.84	9.4
-0.87	8.6
-0.89	7.8
-0.92	7.1
-0.94	6.3
-0.96	5.7
-0.98	5.0
-1.02	4.4
-1.03	4.0
-1.06	3.6
-1.07	3.3
-1.10	2.7
-1.12	2.3
-1.15	1.9
-1.17	1.5
-1.20	1.1
-1.22	1.0
-1.25	0.6
-1.27	0.4
-1.30	0.1
-1.32	-0.1
-1.36	-0.2
-1.39	-0.4
-1.42	-0.5
-1.45	-0.7
-1.48	-0.7
-1.50	-0.8
-1.54	-0.9
-1.56	-0.8
-1.59	-0.9
-1.62	-0.9
-1.64	-0.9
-1.67	-0.9
-1.69	-0.9
-1.73	-1.0
-1.76	-1.0
-1.80	-1.1
-1.83	-0.9
-1.86	-1.1
-1.89	-1.0
-1.93	-1.0
-1.95	-0.8
-1.99	-1.0
-2.01	-0.8
-2.05	-1.0
-2.08	-0.9
-2.11	-1.0
-2.14	-0.9
-2.17	-1.0
-2.21	-1.1
-2.25	-1.1
-2.28	-1.0
-2.31	-1.0
-2.34	-1.0
-2.37	-1.0
-2.41	-1.1
-2.43	-1.0
-2.46	-1.0
-2.50	-1.1
-2.53	-1.1
-2.57	-1.2
-2.60	-1.0
-2.63	-1.1
-2.66	-1.0
-2.69	-1.0
-2.72	-1.0
-2.75	-1.1
-2.78	-1.0
-2.80	-1.0
-2.82	-1.1
-2.85	-1.1
-2.87	-1.0
-2.91	-1.1
-2.94	-1.1
-2.97	-1.1
-2.99	-1.0
-3.03	-1.1
-3.06	-1.0
-3.10	-1.1
-3.13	-1.0
-3.16	-1.1
-3.19	-1.0
-3.22	-1.0
-3.25	-0.9
-3.28	-1.0
-3.31	-0.9
-3.35	-0.9
-3.39	-1.0
-3.42	-0.9
-3.45	-1.0
-3.49	-0.9
-3.52	-0.9
-3.55	-0.9
-3.58	-1.0
-3.59	-0.9
-3.61	-0.9
-3.63	-0.8
-3.66	-1.0
-3.69	-1.0
-3.72	-1.0
-3.76	-1.0
-3.79	-1.0
-3.83	-1.1
-3.86	-1.1
-3.91	-1.2
-3.95	-1.1
-3.98	-1.1
-3.98	-0.9
-3.98	-0.9
